20
6
130 590
60 600
20 620
10 640
60 650
250 660
4
250 660
420 670
440 630
360 450
3
360 450
440 490
570 350
4
650 340
660 460
760 560
880 480
3
880 480
970 430
980 290
4
1130 360
1080 540
1280 430
1310 270
3
1310 270
1140 120
990 150
3
770 240
900 280
840 100
3
840 100
540 70
630 120
3
630 120
130 160
200 250
3
200 250
120 320
210 570
3
210 570
130 590
250 660
3
840 100
630 120
200 250
4
200 250
210 570
250 660
360 450
3
200 250
360 450
570 350
4
1060 260
1130 360
1310 270
990 150
5
770 240
840 100
200 250
570 350
650 340
3
980 290
1060 260
990 150
4
870 380
770 240
650 340
880 480
4
880 480
980 290
990 150
870 380
