233 205730
136 88586
69 74115
269 260712
59 76037
198 177901
245 270819
294 365968
174 156655
147 136755
133 115545
296 392780
250 258571
154 128485
251 252675
129 106434
158 121673
108 84073
131 120299
300 354395
92 100579
32 73916
247 261505
68 86414
22 72342
161 153881
156 146551
42 68257
51 81956
207 198749
220 218438
237 280561
281 370692
276 339244
200 186533
101 87709
23 59371
139 105567
45 65719
175 173865
140 111062
176 157596
36 79033
227 243418
215 237684
121 116520
240 236503
180 178305
85 88423
311 476587
35 81255
314 450330
29 67705
177 162017
248 216491
295 357635
112 96960
132 127262
183 147496
287 307599
297 427951
229 263198
104 79268
289 310728
111 82020
239 214223
167 117637
222 184297
138 125828
94 106633
24 70859
74 79843
126 92943
194 181682
218 170048
197 168254
184 167998
209 187612
318 362509
61 70855
164 168915
181 173285
277 350518
116 113665
288 360250
82 98191
301 402452
370 575469
391 860259
342 674799
411 1095035
327 669161
414 940490
398 849289
407 1083974
333 735291
392 874188
413 899126
322 554292
329 612486
401 1010458
388 810490
373 659625
347 721013
376 855825
351 574915
349 522087
332 497928
321 639523
330 580366
381 958525
345 633110
410 773582
372 797114
337 699071
417 999495
394 731139
384 878469
399 868118
419 985549
353 771402
406 934149
328 520896
325 434227
409 919985
361 784670
352 740405
354 759920
404 1048488
363 715407
416 681625
355 516077
336 709419
387 889725
339 705265
380 723977
418 973419
367 797476
383 837854
326 731321
364 751332
412 1053309
341 622748
402 968598
369 610486
366 678558
340 660001
357 708134
385 1123361
395 965661
343 789362
356 693986
390 997727
358 927604
382 806468
359 655057
334 654338
386 693434
405 868412
379 887945
378 1462088
397 985999
346 596372
408 811052
389 707545
320 610223
338 569885
377 919289
324 571612
348 653782
350 744313
396 929762
335 675060
365 724417
400 1159810
393 884866
331 507760
362 818620
323 737533
368 846595
360 837456
344 791742
371 592423
375 910182
374 946610
403 1024738
415 1039003
1080 8885502
1060 7373013
810 4192836
660 2938501
1130 8357890
1180 9925580
1040 7033005
870 4824551
980 5997650
573 2044033
700 2773942
549 2292501
640 2819190
850 4773197
770 4174905
1050 7433146
519 2634944
1170 10592210
600 2527508
1070 8002424
1385 14750831
