6
5 5
4 2
5 0
1 3
2 5
3 3


12
0 10
0 20
10 10
20 20
30 10
40 20
50 10
50 0
40 10
30 0
20 10
10 0
250.0 250.0
335.53697322660884 385.65362515139685
309.49053453268516 299.5111591812524
361.5267712201685 316.8223029248348
371.53305562249466 277.02349712218285
400.2243118944514 249.68954733592392
302.98845362387794 231.42772576086338
258.6090157594671 245.27098822167392
387.34021526908185 121.80551998972916
254.37094438281386 243.64227439010628
300.0585066362787 107.93113387910569
253.7310425981782 195.32272878140046

224.65391332299396 138.48641636968887