9
6
128.35 38.6122
129.213 37.4324
129.46 36.7842
129.468 35.6321
129.091 35.0825
128.186 34.8904
5
128.186 34.8904
127.387 34.4757
126.486 34.39
126.374 34.9346
126.559 35.6845
3
126.559 35.6845
126.117 36.7255
126.86 36.8939
4
126.86 36.8939
126.175 37.7497
126.237 37.8404
126.684 37.8048
3
126.684 37.8048
127.073 38.2561
127.78 38.3045
3
128.186 34.8904
126.559 35.6845
126.86 36.8939
4
126.86 36.8939
126.684 37.8048
127.78 38.3045
128.206 38.3704
4
128.206 38.3704
128.35 38.6122
128.35 38.6122
128.186 34.8904
3
128.186 34.8904
126.86 36.8939
128.206 38.3704
