n notches decompose merge total
25 10 1167 984 2151
25 11 1247 850 2097
25 12 1238 858 2096
25 10 1172 872 2044
25 11 1155 880 2035
25 12 1490 925 2415
25 13 1781 1051 2832
25 11 1193 1051 2244
25 11 1285 1047 2332
25 10 906 1084 1990
25 11 1056 1000 2056
25 11 1064 1028 2092
25 10 1195 1068 2263
25 11 1343 1059 2402
n notches decompose merge total
25 9 855 660 1515
25 11 1298 532 1830
25 11 1333 535 1868
25 11 1450 529 1979
n notches decompose merge total
25 9 844 591 1435
25 11 1281 477 1758
25 11 1222 500 1722
25 11 1334 547 1881
n notches decompose merge total
35 13 1883 1927 3810
35 16 2852 1594 4446
n notches decompose merge total
35 15 2154 1935 4089
35 12 2041 1463 3504
35 17 2823 2460 5283
35 15 2447 1542 3989
35 15 2376 1437 3813
35 15 3052 1987 5039
35 14 2160 1514 3674
35 16 2331 1643 3974
decompose merge total
593 570 1163
decompose merge total
882 569 1451
decompose merge total
658 396 1054
decompose merge total
5365 3314 8679
decompose merge total
6628 2971 9599
decompose merge total
4781 3082 7863
decompose merge total
47329 23544 70873
decompose merge total
522 552 1074
decompose merge total
857 494 1351
